# Trouble in Terrorist Town weapon/ammo placement overrides
# For map: gm_flatgrass
# Exported by: Mitt Romney
setting:	replacespawns 0
ttt_random_weapon	-769.638062 -687.789551 -12286.786133	1.719 4.930 -92.954
ttt_random_weapon	-450.551239 -578.227844 -12286.766602	1.501 4.915 -93.455
ttt_random_weapon	-119.344803 -379.978943 -12286.765625	1.488 4.914 -93.483
ttt_random_weapon	583.933105 184.113220 -12286.775391	1.593 4.923 -93.242
ttt_random_weapon	-268.558533 388.383881 -12286.768555	1.517 4.916 -93.418
ttt_random_weapon	-60.989838 223.746994 -12286.790039	1.762 4.932 -92.855
ttt_random_weapon	-154.061890 670.406067 -12286.810547	1.989 4.925 -92.336
ttt_random_weapon	-465.734192 476.729065 -12286.769531	1.531 4.918 -93.385
ttt_random_weapon	-354.811523 107.547134 -12286.782227	1.670 4.928 -93.067
ttt_random_weapon	-515.057983 322.497437 -12286.803711	1.914 4.933 -92.507
ttt_random_weapon	-445.552063 573.769043 -12286.781250	1.660 4.927 -93.090
ttt_random_weapon	-367.081116 725.003296 -12286.792969	1.796 4.933 -92.778
ttt_random_weapon	-160.882416 364.017242 -12286.794922	1.818 4.932 -92.728
ttt_random_weapon	423.361206 94.564262 -12286.809570	1.979 4.924 -92.358
ttt_random_weapon	5.974624 622.118408 -12286.777344	1.614 4.924 -93.195
ttt_random_weapon	403.126862 771.722717 -12286.783203	1.686 4.928 -93.031
ttt_random_weapon	67.236145 233.447815 -12286.784180	1.697 4.929 -93.006
ttt_random_weapon	-87.279984 -132.955383 -12286.804688	1.923 4.928 -92.487
ttt_random_weapon	-111.814796 -187.557663 -12286.796875	1.840 4.931 -92.677
ttt_random_weapon	306.787018 -84.136894 -12286.763672	1.464 4.912 -93.538
ttt_random_weapon	266.835815 4.451400 -12286.768555	1.514 4.916 -93.424
ttt_random_weapon	225.585831 -537.242493 -12286.798828	1.856 4.932 -92.641
ttt_random_weapon	174.715240 -594.483093 -12286.782227	1.670 4.928 -93.067
ttt_random_weapon	604.126648 -405.930573 -12286.791016	1.776 4.931 -92.825
ttt_random_weapon	643.221558 -230.368011 -12286.772461	1.564 4.920 -93.310
ttt_random_weapon	886.212708 248.251984 -12286.781250	1.665 4.927 -93.079
ttt_random_weapon	808.687561 400.278381 -12286.789063	1.750 4.931 -92.885
ttt_random_weapon	815.643311 676.286072 -12286.768555	1.522 4.917 -93.405
ttt_random_weapon	562.861206 964.080811 -12286.798828	1.864 4.933 -92.623
ttt_random_weapon	694.364441 2742.217041 -12798.807617	1.925 5.709 -92.622
ttt_random_weapon	-210.728699 1013.610291 -12286.809570	1.979 4.924 -92.358
ttt_random_weapon	-424.195129 861.193909 -12286.783203	1.680 4.928 -93.043
ttt_random_weapon	-713.538757 803.899353 -12286.782227	1.675 4.928 -93.055
ttt_random_weapon	-896.996277 403.774017 -12286.802734	1.906 4.932 -92.527
ttt_random_weapon	-778.443970 229.429077 -12286.779297	1.641 4.926 -93.134
ttt_random_weapon	-824.686829 124.466682 -12286.803711	1.914 4.933 -92.507
ttt_random_weapon	-857.600403 -197.091217 -12286.799805	1.872 4.934 -92.604
ttt_random_weapon	-758.732849 -564.452393 -12286.791992	1.782 4.932 -92.809
ttt_random_weapon	-653.089417 -656.851257 -12286.805664	1.941 4.929 -92.445
ttt_random_weapon	-261.447601 -820.801575 -12286.773438	1.574 4.921 -93.286
ttt_random_weapon	-80.841766 -814.561157 -12286.793945	1.803 4.931 -92.762
ttt_random_weapon	271.051361 -785.790344 -12286.798828	1.856 4.932 -92.641
ttt_random_weapon	428.747742 -763.954529 -12286.801758	1.897 4.931 -92.547
ttt_random_weapon	550.667480 -686.185425 -12286.777344	1.614 4.924 -93.195
ttt_random_weapon	883.986084 -714.180664 -12286.791992	1.782 4.932 -92.809
ttt_random_weapon	840.880249 -317.045166 -12286.791016	1.776 4.931 -92.825
ttt_random_weapon	937.950256 79.173653 -12286.784180	1.697 4.929 -93.006
ttt_random_weapon	924.982178 300.159515 -12286.770508	1.534 4.918 -93.378
ttt_random_weapon	538.819946 370.327026 -12286.790039	1.756 4.931 -92.870
ttt_random_weapon	185.851715 361.923370 -12286.762695	1.451 4.910 -93.568
ttt_random_weapon	-2.467622 325.430725 -12286.784180	1.697 4.929 -93.006
ttt_random_weapon	-108.297256 321.434784 -12286.804688	1.923 4.928 -92.487
ttt_random_weapon	-73.534943 201.226913 -12286.780273	1.650 4.926 -93.112
ttt_random_weapon	-92.178276 -8.529475 -12286.798828	1.864 4.933 -92.623
ttt_random_weapon	-68.884842 -98.129707 -12286.808594	1.970 4.924 -92.380
ttt_random_weapon	150.637451 -152.926041 -12286.802734	1.906 4.932 -92.527
ttt_random_weapon	209.369888 -171.113663 -12286.789063	1.750 4.931 -92.885
ttt_random_weapon	473.836060 -169.592712 -12286.810547	1.989 4.925 -92.336
ttt_random_weapon	504.136230 -105.075401 -12286.793945	1.803 4.931 -92.762
ttt_random_weapon	513.422241 62.049255 -12286.783203	1.680 4.928 -93.043
ttt_random_weapon	296.772156 -234.613983 -12286.788086	1.743 4.931 -92.899
ttt_random_weapon	29.475723 -350.026184 -12286.776367	1.610 4.924 -93.205
ttt_random_weapon	-309.192169 -329.922882 -12286.796875	1.833 4.934 -92.694
ttt_random_weapon	-412.630219 -110.305367 -12286.795898	1.825 4.933 -92.712
ttt_random_weapon	-453.256500 52.195030 -12286.775391	1.589 4.922 -93.251
ttt_random_weapon	-33.779381 22.339497 -12286.770508	1.540 4.919 -93.364
ttt_random_weapon	-8.137420 265.785339 -12286.796875	1.387 6.731 -93.200
ttt_random_weapon	87.045441 496.901398 -12286.787109	1.725 4.930 -92.941
ttt_random_weapon	183.021088 574.812744 -12286.766602	1.498 4.915 -93.460
ttt_random_weapon	-373.846344 203.569305 -12286.777344	1.618 4.924 -93.185
ttt_random_weapon	-228.914368 -429.094208 -12286.782227	1.670 4.928 -93.067
ttt_random_weapon	-125.158257 -361.513519 -12286.764648	1.473 4.913 -93.519
ttt_random_weapon	-440.270294 -257.360992 -12286.788086	1.743 4.931 -92.899
ttt_random_weapon	-568.325439 -256.279510 -12286.790039	1.762 4.932 -92.855
ttt_random_weapon	-606.264771 -90.851486 -12286.791016	1.776 4.931 -92.825
ttt_random_ammo	-346.069427 -109.519051 -12287.601563	-0.274 -0.003 0.118
ttt_random_ammo	-229.600739 -229.737152 -12287.644531	-0.319 -0.003 0.260
ttt_random_ammo	-65.943993 -299.456177 -12287.632813	-0.294 -0.003 0.234
ttt_random_ammo	-212.730743 248.946152 -12287.611328	-0.264 -0.003 0.173
ttt_random_ammo	9.263229 411.600037 -12287.618164	-0.269 -0.003 0.197
ttt_random_ammo	-18.286715 261.137665 -12285.370117	-0.227 9.288 89.537
ttt_random_ammo	-109.772850 58.553837 -12287.648438	-0.328 -0.003 0.269
ttt_random_ammo	-108.174133 108.708511 -12287.584961	-0.447 -0.003 -0.161
ttt_random_ammo	13.751882 103.861839 -12287.594727	-0.314 -0.003 0.036
ttt_random_ammo	73.045654 51.442776 -12287.590820	-0.346 -0.003 -0.015
ttt_random_ammo	23.901608 119.057404 -12287.630859	-0.290 -0.003 0.230
ttt_random_ammo	-143.429108 149.149704 -12287.621094	-0.274 -0.003 0.207
ttt_random_ammo	-259.984344 201.673691 -12287.571289	-1.001 0.002 -0.875
ttt_random_ammo	-197.023651 429.433746 -12287.604492	-0.267 -0.003 0.140
ttt_random_ammo	-159.601379 543.925781 -12287.567383	-1.263 0.006 -1.203
ttt_random_ammo	-353.735321 541.177979 -12287.630859	-0.290 -0.003 0.230
ttt_random_ammo	-526.285400 462.608307 -12287.532227	-1.316 0.024 -1.416
ttt_random_ammo	-666.058594 510.237335 -12287.626953	-0.283 -0.003 0.221
ttt_random_ammo	-609.253357 748.756226 -12287.625000	-0.280 -0.003 0.217
ttt_random_ammo	-456.973999 803.695984 -12287.657227	-0.348 -0.003 0.286
ttt_random_ammo	-250.845108 747.384583 -12287.651367	-0.333 -0.003 0.273
ttt_random_ammo	-68.555542 701.299561 -12287.606445	-0.266 -0.003 0.149
ttt_random_ammo	23.304253 703.758545 -12287.541016	-1.559 0.029 -1.665
ttt_random_ammo	-133.621109 697.136719 -12287.538086	-1.577 0.029 -1.697
ttt_random_ammo	-113.342346 785.305115 -12287.597656	-0.292 -0.003 0.076
ttt_random_ammo	10.916951 836.433472 -12287.572266	-0.985 0.002 -0.856
ttt_random_ammo	49.017071 760.658325 -12287.653320	-0.338 -0.003 0.277
ttt_random_ammo	250.540161 668.148071 -12287.595703	-0.301 -0.003 0.059
ttt_random_ammo	348.641235 509.015747 -12287.646484	-0.323 -0.003 0.264
ttt_random_ammo	491.018982 521.164063 -12287.590820	-0.344 -0.003 -0.012
ttt_random_ammo	477.744324 654.676392 -12287.586914	-0.418 -0.003 -0.119
ttt_random_ammo	538.930420 428.886322 -12287.598633	-0.284 -0.003 0.092
ttt_random_ammo	643.988037 386.334778 -12287.612305	-0.265 -0.003 0.179
ttt_random_ammo	612.004944 725.943237 -12287.612305	-0.265 -0.003 0.179
ttt_random_ammo	358.594788 736.303162 -12287.653320	-0.338 -0.003 0.277
ttt_random_ammo	739.876343 544.877319 -12287.597656	-0.294 -0.003 0.074
ttt_random_ammo	721.068176 407.391693 -12287.651367	-0.333 -0.003 0.273
ttt_random_ammo	787.817261 730.115479 -12287.579102	-0.648 -0.002 -0.427
ttt_random_ammo	705.508606 833.108704 -12287.632813	-0.294 -0.003 0.234
ttt_random_ammo	545.966064 884.124207 -12287.628906	-0.286 0.003 -0.226
ttt_random_ammo	747.629944 577.803467 -12287.618164	-0.269 -0.003 0.197
ttt_random_ammo	744.688721 317.979706 -12287.534180	-1.349 0.025 -1.448
ttt_random_ammo	623.920898 284.511108 -12287.634766	-0.298 -0.003 0.239
ttt_random_ammo	716.724670 176.921524 -12287.642578	-0.314 -0.003 0.256
ttt_random_ammo	708.468567 46.716469 -12287.528320	-1.039 0.021 -1.112
ttt_random_ammo	651.904785 -77.999001 -12287.638672	-0.306 -0.003 0.247
ttt_random_ammo	845.782166 95.005371 -12287.539063	-1.651 0.028 -1.778
ttt_random_ammo	837.233032 130.513519 -12287.598633	-0.284 -0.003 0.092
ttt_random_ammo	757.783630 103.103737 -12287.621094	-0.274 -0.003 0.207
ttt_random_ammo	790.014587 183.423935 -12287.628906	-0.286 -0.003 0.226
ttt_random_ammo	830.454468 207.455978 -12287.604492	-0.268 -0.003 0.139
ttt_random_ammo	842.975403 -0.216865 -12287.520508	-0.648 0.016 -0.692
ttt_random_ammo	786.814636 -116.521553 -12287.648438	-0.328 -0.003 0.269
ttt_random_ammo	680.278442 -186.959229 -12287.587891	-0.389 -0.003 -0.079
ttt_random_ammo	627.631531 -295.877563 -12287.634766	-0.298 -0.003 0.239
ttt_random_ammo	571.178894 -403.053558 -12287.625000	-0.280 -0.003 0.217
ttt_random_ammo	628.723511 -468.743774 -12287.634766	-0.298 -0.003 0.239
ttt_random_ammo	700.830933 -420.027557 -12287.646484	-0.323 -0.003 0.264
ttt_random_ammo	713.541809 -371.220001 -12287.612305	-0.265 -0.003 0.179
ttt_random_ammo	726.420776 -356.358124 -12287.539063	-1.626 0.027 -1.749
ttt_random_ammo	743.096558 -352.019501 -12287.614258	-0.266 -0.003 0.186
ttt_random_ammo	780.385742 -394.642120 -12287.621094	-0.274 -0.003 0.207
ttt_random_ammo	772.329529 -449.549713 -12287.612305	-0.265 -0.003 0.179
ttt_random_ammo	725.819275 -522.328674 -12287.582031	-0.525 -0.003 -0.266
ttt_random_ammo	654.075928 -581.464722 -12287.569336	-1.122 0.004 -1.028
ttt_random_ammo	609.368164 -640.363403 -12287.598633	-0.284 -0.003 0.092
ttt_random_ammo	564.452087 -603.719604 -12287.626953	-0.283 -0.003 0.221
ttt_random_ammo	489.155212 -495.140808 -12287.595703	-0.303 -0.003 0.056
ttt_random_ammo	442.975220 -497.940186 -12287.604492	-0.267 -0.003 0.140
ttt_random_ammo	283.003082 -443.970123 -12287.612305	-0.265 -0.003 0.179
ttt_random_ammo	286.605377 -426.331757 -12287.603516	-0.270 -0.003 0.130
ttt_random_ammo	215.423691 -381.726257 -12287.651367	-0.333 -0.003 0.273
ttt_random_ammo	25.130474 -496.598846 -12287.616211	-0.267 -0.003 0.191
ttt_random_ammo	-92.613647 -633.676819 -12287.519531	-0.675 0.017 -0.726
ttt_random_ammo	-120.485275 -704.072876 -12287.638672	-0.306 -0.003 0.247
ttt_random_ammo	-122.317894 -796.690979 -12287.636719	-0.302 -0.003 0.243
ttt_random_ammo	-278.301971 -825.742493 -12287.614258	-0.266 -0.003 0.186
ttt_random_ammo	-266.183258 -909.517273 -12287.592773	-0.326 -0.003 0.016
ttt_random_ammo	-392.077789 -969.588257 -12287.626953	-0.283 -0.003 0.221
ttt_random_ammo	-401.336700 -908.389282 -12287.626953	-0.283 -0.003 0.221
ttt_random_ammo	-359.968445 -812.009338 -12287.621094	-0.274 -0.003 0.207
ttt_random_ammo	-300.688171 -713.722534 -12287.592773	-0.327 -0.003 0.014
ttt_random_ammo	-282.829834 -744.860229 -12287.626953	-0.283 -0.003 0.221
ttt_random_ammo	-317.489868 -836.788086 -12287.542969	-1.744 0.030 -1.870
ttt_random_ammo	-318.354187 -922.923157 -12287.616211	-0.267 -0.003 0.191
ttt_random_ammo	-346.488373 -955.797424 -12287.632813	-0.294 -0.003 0.234
ttt_random_ammo	-148.559387 -882.812378 -12287.597656	-0.293 -0.003 0.074
ttt_random_ammo	-147.471985 -833.890686 -12287.530273	-1.201 0.023 -1.292
ttt_random_ammo	-234.328171 -742.314026 -12287.618164	-0.269 -0.003 0.197
ttt_random_ammo	-314.230682 -635.492065 -12287.595703	-0.303 -0.003 0.056
ttt_random_ammo	-393.202301 -758.056335 -12287.533203	-1.334 0.025 -1.435
ttt_random_ammo	-469.223236 -790.179443 -12287.634766	-0.298 -0.003 0.239
ttt_random_ammo	-441.012054 -848.713074 -12287.638672	-0.306 -0.003 0.247
ttt_random_ammo	-536.000000 -891.653625 -12287.618164	-0.269 -0.003 0.197
ttt_random_ammo	-578.124512 -891.043213 -12287.541016	-1.755 0.030 -1.889
ttt_random_ammo	-677.034485 -809.559509 -12287.563477	-1.434 -0.010 1.415
ttt_random_ammo	-812.617249 -780.004822 -12287.611328	-0.264 0.003 -0.172
ttt_random_ammo	-893.295898 -757.665833 -12287.582031	-0.528 0.003 0.270
ttt_random_ammo	-826.721497 -810.157837 -12287.621094	-0.274 0.003 -0.207
ttt_random_ammo	-707.661621 -819.133179 -12287.597656	-0.292 0.003 -0.076
ttt_random_ammo	-622.064209 -732.819580 -12287.648438	-0.328 -0.003 0.269
ttt_random_ammo	-601.989075 -537.257446 -12287.530273	-1.202 0.023 -1.293
ttt_random_ammo	-602.343628 -468.633698 -12287.601563	-0.273 -0.003 0.119
ttt_random_ammo	-715.238342 -444.353851 -12287.644531	-0.319 0.003 -0.260
ttt_random_ammo	-814.897217 -445.393311 -12287.628906	-0.286 0.003 -0.226
ttt_random_ammo	-901.230957 -552.566711 -12287.626953	-0.283 0.003 -0.221
ttt_random_ammo	-922.545227 -499.652191 -12287.640625	-0.310 0.003 -0.251
ttt_random_ammo	-932.665527 -399.278076 -12287.642578	-0.314 0.003 -0.256
ttt_random_ammo	-900.631897 -294.830078 -12287.582031	-0.526 0.003 0.267
ttt_random_ammo	-810.908813 -193.868820 -12287.609375	-0.264 0.003 -0.166
ttt_random_ammo	-640.007263 70.064423 -12287.640625	-0.310 -0.003 0.251
ttt_random_ammo	-793.168640 82.721649 -12287.638672	-0.306 0.003 -0.247
ttt_random_ammo	-675.651367 174.444244 -12287.538086	-1.497 0.027 -1.604
ttt_random_ammo	-772.901550 339.099945 -12287.536133	-1.476 -0.028 1.583
ttt_random_ammo	-820.089600 412.702087 -12287.614258	-0.266 0.003 -0.185
ttt_random_ammo	-881.718628 424.452362 -12287.530273	-1.279 -0.024 1.378
ttt_random_ammo	-817.251526 157.292023 -12287.583984	-0.490 0.003 0.219
ttt_random_ammo	-805.448486 70.041954 -12287.655273	-0.343 0.003 -0.281
ttt_random_ammo	-859.620728 -180.867859 -12287.594727	-0.313 0.003 -0.037
ttt_random_ammo	-888.621460 -138.849442 -12287.611328	-0.264 0.003 -0.173
ttt_random_ammo	-964.957336 41.829296 -12287.611328	-0.264 0.003 -0.172
ttt_random_ammo	-941.433899 184.804489 -12287.620117	-0.271 0.003 -0.202
ttt_random_ammo	-948.426208 299.031281 -12287.594727	-0.316 0.003 -0.034
ttt_random_ammo	-956.866089 480.956482 -12287.628906	-0.286 0.003 -0.226
ttt_random_ammo	-980.530518 578.840027 -12287.532227	-1.446 -0.026 1.560
ttt_random_ammo	-864.347900 641.139648 -12287.603516	-0.271 0.003 -0.128
ttt_random_ammo	-831.526855 693.955444 -12287.623047	-0.277 0.003 -0.212
ttt_random_ammo	184.451218 2609.976318 -12799.531250	-1.239 -0.022 1.312
ttt_random_ammo	-872.390808 767.609497 -12287.640625	-0.310 0.003 -0.251
ttt_random_ammo	-860.895996 715.773987 -12287.642578	-0.314 0.003 -0.256
